40 500
513927 7 +25
89173 2 +21
595369 10 +2
465783 3 +15
665124 6 +2
513930 3 -14
723059 8 +4
961394 2 -10
478043 4 +14
484422 5 +4
898538 5 +33
798316 4 +5
803527 1 +26
759957 3 +8
999171 2 +31
702306 5 +10
336328 6 +21
750847 4 +14
925858 6 +9
819583 5 +30
233368 5 +19
344044 8 -16
426809 9 +11
695789 4 +19
502652 10 -12
999933 7 -6
993369 3 +24
636227 5 +21
297540 1 +30
651435 8 +13
66602 3 +32
573318 3 +27
260757 1 -15
724287 6 +26
429690 10 +29
558441 2 +14
108118 2 +32
834482 10 +10
698928 7 +2
179498 7 -13
