90
278021243259829440 257979971062493400 463911998354142588
250 180 5
72106149636160675 69504745510204970 270634237692886828
368343935072019540 267318102809965548 163924717898605739
77665544332211 11223344556677 0
306144589086371610 20974525130306495 266425279757945308
243017954929152970 81985813851266897 60194972134316105
238743943600197728 208606168320458552 925003158612580576
253462616584961972 10567931421935888 267775867591040718
239921271940827983 38664263405904164 572292855763814480
402494627858198736 124484637036796004 120430823502705058
136954494940961280 73093304696359080 206252361653160357
926774598942415488 24846209495116100 873924375092446216
189225499158751013 180564607640781792 460232581720028364
408177997100500200 401595501136817280 294155213762357145
250 180 2
250 180 0
426193744388488444 94532054603213952 474070809732471360
250 180 7
616740931928871920 13551599020239 120993049628257312
329844421563242300 272168307499812438 699224428584740420
200109538285010289 49363744160568300 240706982980573720
590293694070288075 93785113464380310 156743395662723631
307303802051531208 180226421431142088 399411778562072040
444475521822017811 265589661176949173 29406091665712336
347974083229123098 320673186665600320 99451952277727232
47216103097285788 46165210693233920 5605479616098745
221405756146964915 186424654324164710 890504426710054240
335409455984614092 238039378554736460 787799729458091823
75300826847265690 8261518418721672 373297028391454862
650741289190765900 584935419091047174 8077451659288947
201 200 1
249547091106509124 4783897035775276 87904966708779930
514064136509661024 445593343412882624 18475668280185774
495990428810520676 18885738079286169 78234271707244663
614064507855957868 200029622849481743 25936201506490860
83716485936440 64528193749358 1938563682
250 180 4
250 180 8
250 180 3
66167333428448560 15799451508235460 498512251858397474
493365223605973264 450528798042911455 737695165889638656
319480330638144992 138289468496064432 284236953298332918
185 183 2
265706450016039120 195800848612380018 146553797709469300
205561667385181119 120145170122748288 15157895919535350
221698042627448100 146178912525454150 16389470401140096
45065654823849248 22145763358690334 171176646724423875
576019184748162782 202181510430906787 594003868206536466
302620129558596900 195687843452950264 99272987829424991
455910286617884786 167459099031375530 208782463683555650
197186856612110640 185086778934784610 49950188738000796
633017514829209001 103027084569292692 671453054252717880
300649489393177782 73581813337728000 464684001023867490
765389065575425400 201438683288972364 8528746013854698
231673860243175672 96175474973701252 5143128828275680
873860681335491140 154400248919512052 46349012138667419
88250149864040208 57066959308069095 107495602565322180
446575340883013577 102440853569408994 700169277227689254
821560774550493706 145619782720204108 56512657057403610
391279766533881459 247399985435506989 183354041923547386
470099553951860868 147679126437803736 192062758511508744
419207806048124808 9477696772386600 411092707308474780
675198952120020504 12693828525390824 98003652468530252
383559415311140402 166843837396756350 675006289322640220
1000000000000000000 123456789123456789 987654321987654321
695762976748571460 264452967363670360 150838813689150244
98666454349872745 23148379857762494 76724890440754608
143288033368674420 1041019406976861 354089523757810680
664046928481103390 46852229707078054 45637728648698087
214583770295363106 69229185582086495 289202872636535760
153921450095618896 109904247944577162 62860720914180000
462792662510415488 127936207661020066 361379784727679388
355201150419470880 124367535743497685 812060495325651660
617678570881956600 212032392524324568 323815526341700184
432557330144274720 409345639517845192 165446898272607852
772477760607603687 238547547912122280 11585249370778072
343033763200378432 34463824966815376 53557503230635933
603801865643617662 42497323487076815 56149370458221225
114260432136529880 27971777514809210 185533793830462880
238640361667971885 118481167285190344 663165378309285786
706222746519015248 421041598191873960 279578077765942530
587022330332506710 75527760649129130 175312778407609856
250 180 6
367170830405506664 1968088193377358 405256744559600516
817792675546437960 138964541283841284 111105545806462425
111157341370415298 9994578135350578 145626330681856224
250 180 1
388408355958253464 9980799393476562 372157957394749782
245228252012425644 70152821095283836 108951133082862820
