100
4609 64949 8
2965 769993 4
2871 611476 1
22322 22322 1
999 99999 78788
3901 458931 4
7977 626769 9
7243 39232 6
39 1000000 3
9523 81976 5
3976 759716 7
8129 512819 4
9332 549970 6
332 539995 7
3263 62970 1
9352 507517 9
100000 1000000000000000000 3
1616 875376 6
3286 977701 4
1396 974496 5
7597 115191 5
121 131 1
0 1000000000000000000 1000000000
8989 909410 5
8229 384684 2
0 1000000000000000000 1
9390 517315 4
4766 385349 3
121 132 1
886 56750 8
7558 716225 8
8892 186601 5
6673 645665 9
9385 146808 1
2791 674701 5
0 100 2
3376 156586 6
852 514597 2
1813 539974 3
3725 832955 1
9481 668314 4
8145 485026 9
6366 921028 2
121 121 11
2739 884729 5
3748 207521 4
6916 519450 6
2433 588437 7
701 837097 8
21345 4441283 13
2851 217912 4
34432 9999920 222
9628 221919 9
5759 165757 6
2499 989424 7
0 132 1
490 499674 1
2590 45700 5
9412 458712 2
9705 834597 8
3491 376189 1
4827 379304 8
9929 160753 4
1209 371972 7
8324 696474 7
6153 882984 8
8135 346033 4
5541 34105 7
6311 744038 5
400 793131 4
5649 246089 1
6760 325542 7
3459 893118 8
2789 205886 5
2519 171840 3
5272 393026 2
1405 52064 3
5630 555906 6
2035 587687 6
9286 976503 2
9974 603759 9
4131 988357 1
8764 690922 4
1363 123520 8
5579 763362 2
2228 961000 6
1002 914907 8
4945 279540 7
1108 708286 6
9151 163110 6
4401 792858 5
7668 468727 8
646 753992 3
8429 327368 2
573 319349 5
1000000000 1000000000000000000 1
1516 476245 5
4017 755925 4
1712 931656 3
10 22322 2
