60 6
0000000000
0000000000
0000000000
0000000000
0000003000
2000004000
3000001000
4000005000
1036003000
3043002660
1162004455
1623033644
5315241344
1645666213
6366665456
4412451646
5152365651
3665234115
6543631163
1455344515
4546465146
6665261153
2316323521
6362654114
3313263431
6656236341
6311311364
2415322222
6441642455
5521345341
6635612115
6134316225
5552334631
5522631226
1241556244
1445466611
5455621641
2131516222
2666626512
2335646623
6353632655
2335432655
4613656221
1216442614
4454162615
3611222144
1543214123
1554531546
6655332225
4332545136
6162662111
6663433433
5433526213
3436233313
4145645361
6313212562
6355665241
3661446244
4252336446
3266113455
