100 1000000000
1 999999990 1
1 500000058 -1
1 500000021 1
1 25 -1
1 12 -1
1 999999979 1
1 500000043 -1
1 500000044 -1
1 500000023 1
1 999999998 1
1 13 -1
1 3 -1
1 999999997 1
1 500000048 -1
1 23 -1
1 999999987 1
1 500000040 -1
1 999999976 1
1 500000053 -1
1 500000016 1
1 999999978 1
1 500000011 1
1 999999985 1
1 500000012 1
1 500000054 -1
1 500000047 -1
1 500000015 1
1 500000001 1
1 500000046 -1
1 500000055 -1
1 500000050 -1
1 1 -1
1 500000049 -1
1 500000020 1
1 18 -1
1 6 -1
1 500000035 -1
1 7 -1
1 999999996 1
1 500000014 1
1 999999981 1
1 19 -1
1 999999982 1
1 999999984 1
1 22 -1
1 21 -1
1 500000057 -1
1 500000010 1
1 5 -1
1 500000039 -1
1 999999991 1
1 500000006 1
1 999999988 1
1 500000052 -1
1 500000051 -1
1 500000042 -1
1 999999983 1
1 500000045 -1
1 500000013 1
1 500000017 1
1 24 -1
1 20 -1
1 500000022 1
1 500000056 -1
1 2 -1
1 999999975 1
1 16 -1
1 4 -1
1 15 -1
1 11 -1
1 999999994 1
1 500000018 1
1 999999995 1
1 8 -1
1 500000059 -1
1 14 -1
1 17 -1
1 500000041 -1
1 999999977 1
1 500000038 -1
1 500000037 -1
1 500000024 1
1 999999980 1
1 500000008 1
1 500000005 1
1 9 -1
1 10 -1
1 500000019 1
1 500000009 1
1 999999992 1
1 500000000 1
1 999999989 1
1 999999999 1
1 500000007 1
1 999999993 1
1 500000004 1
1 500000002 1
1 999999986 1
1 500000003 1
1 500000036 -1
